600373
000521
603018
601222
603919
600197
601518
002466
002126
002468
002271
000910
601677
002540
002224
002385
603567
600122
002516
000552
002080
002019
600523
300339
000783
300443
601158
002516
002080
002019
600523
300339
000783
300443
002466
002126
000910
002019
002540
002224
002385
603567
300339
002277
000910
002019
002224
002385
300339
002277
002705
002466
002126
000910
002019
002540
002224
002385
603567
300339
002277
002385
002466
600510
002019
002540
002126
002258
600090
002277
603567
300043
603167
603806
002002
000793
002385
002466
600510
002019
002540
002126
002258
600090
002277
603567
300443
002152
601588
600522
002705
603337
002185
603228
600363
